0.0 0.0
0.05 0.0
0.1 -0.01
0.14 0.01
0.19 0.01
0.23 -0.02
0.28 0.0
0.31 0.04
0.36 0.04
0.41 0.04
0.46 0.05
0.51 0.06
0.56 0.05
0.61 0.04
0.66 0.03
0.66 -0.02
0.63 -0.06
0.64 -0.1
0.63 -0.15
0.66 -0.2
0.66 -0.25
0.69 -0.28
0.66 -0.32
0.69 -0.35
0.69 -0.4
0.68 -0.45
0.71 -0.5
0.75 -0.51
0.8 -0.53
0.85 -0.54
0.9 -0.54
0.95 -0.54
1.0 -0.53
1.05 -0.53
1.09 -0.52
1.14 -0.5
1.19 -0.5
1.23 -0.47
1.28 -0.46
1.32 -0.44
1.37 -0.43
1.42 -0.43
1.47 -0.42
1.52 -0.42
1.57 -0.41
1.62 -0.42
1.63 -0.37
1.68 -0.35
1.73 -0.35
1.77 -0.33
1.78 -0.28
1.8 -0.23
1.81 -0.18
1.86 -0.16
1.83 -0.12
1.87 -0.09
1.85 -0.04
1.87 0.01
1.89 0.05
1.85 0.08
1.81 0.11
1.84 0.15
1.84 0.2
1.85 0.25
1.89 0.28
1.93 0.31
1.98 0.32
2.03 0.33
2.08 0.33
2.13 0.34
2.17 0.35
2.22 0.35
2.27 0.36
2.32 0.35
2.36 0.31
2.41 0.3
2.46 0.31
2.47 0.36
2.52 0.34
2.57 0.33
2.61 0.32
2.66 0.3
2.71 0.31
2.76 0.31
2.8 0.28
2.83 0.32
2.88 0.31
2.93 0.29
2.97 0.27
3.0 0.23
3.05 0.21
3.09 0.19
3.14 0.21
3.17 0.25
3.15 0.29
3.15 0.34
3.2 0.36
3.19 0.41
3.22 0.46
3.27 0.47
3.32 0.46
3.36 0.45
3.41 0.46
3.43 0.5
3.48 0.51
3.52 0.49
3.57 0.49
3.62 0.47
3.67 0.46
3.71 0.43
3.76 0.41
3.81 0.41
3.85 0.37
3.89 0.39
3.93 0.36
3.97 0.33
4.01 0.3
4.05 0.32
4.1 0.33
4.15 0.31
4.19 0.28
4.24 0.27
4.29 0.27
4.3 0.22
4.31 0.18
4.35 0.15
4.4 0.14
4.42 0.09
4.47 0.08
4.47 0.03
4.52 0.04
4.57 0.03
4.62 0.03
4.67 0.02
4.72 0.02
4.77 0.02
4.82 0.01
4.87 0.01
4.9 0.04
4.95 0.07
5.0 0.0
