0.0 0.0
0.05 -0.06
0.13 -0.06
0.21 -0.07
0.29 -0.05
0.37 -0.06
0.45 -0.07
0.51 -0.12
0.59 -0.13
0.67 -0.14
0.75 -0.15
0.83 -0.14
0.91 -0.14
0.93 -0.22
0.94 -0.3
1.02 -0.32
1.1 -0.32
1.18 -0.31
1.26 -0.3
1.34 -0.29
1.42 -0.28
1.5 -0.27
1.58 -0.26
1.58 -0.18
1.63 -0.12
1.64 -0.04
1.61 -0.02
1.53 -0.0
1.51 0.07
1.53 0.15
1.59 0.2
1.67 0.21
1.73 0.27
1.72 0.35
1.8 0.38
1.87 0.41
1.95 0.42
2.03 0.42
2.11 0.43
2.19 0.44
2.27 0.44
2.35 0.45
2.43 0.46
2.51 0.46
2.59 0.47
2.67 0.48
2.75 0.49
2.83 0.49
2.91 0.5
2.99 0.51
3.07 0.51
3.15 0.52
3.23 0.53
3.3 0.53
3.38 0.54
3.46 0.55
3.54 0.56
3.62 0.56
3.7 0.57
3.78 0.58
3.86 0.58
3.94 0.59
4.02 0.6
4.1 0.6
4.18 0.61
4.26 0.62
4.34 0.62
4.42 0.63
4.5 0.64
4.58 0.65
4.66 0.65
4.74 0.66
4.82 0.67
4.9 0.67
4.93 0.68
4.93 0.68
4.92 0.6
4.85 0.58
4.87 0.5
4.82 0.44
4.78 0.37
4.74 0.3
4.73 0.22
4.73 0.14
4.68 0.08
4.68 -0.0
4.76 -0.0
4.84 -0.0
4.92 -0.0
5.0 0.0
